run_time,iteration,loss,style_loss,content_loss,time
0.0693,0,5.7769e+11,5.7769e+11,0.0000e+00,0.0693
0.2220,1,4.4157e+11,4.4157e+11,3.5478e+00,0.0690
0.2973,2,2.8406e+11,2.8406e+11,7.9487e+00,0.0683
0.3748,3,2.0517e+11,2.0517e+11,1.1252e+01,0.0709
0.4508,4,1.8184e+11,1.8184e+11,1.2684e+01,0.0689
0.5259,5,1.5527e+11,1.5527e+11,1.2986e+01,0.0682
0.6024,6,1.3770e+11,1.3770e+11,1.3143e+01,0.0697
0.6774,7,1.2909e+11,1.2909e+11,1.3631e+01,0.0682
0.7519,8,1.2102e+11,1.2102e+11,1.4488e+01,0.0679
0.8266,9,1.1269e+11,1.1269e+11,1.5540e+01,0.0679
0.9014,10,1.0567e+11,1.0567e+11,1.6600e+01,0.0680
0.9761,11,9.9964e+10,9.9964e+10,1.7488e+01,0.0681
1.0510,12,9.4279e+10,9.4279e+10,1.8112e+01,0.0682
1.1279,13,8.7927e+10,8.7927e+10,1.8440e+01,0.0702
1.2028,14,8.1514e+10,8.1514e+10,1.8538e+01,0.0681
1.2779,15,7.5943e+10,7.5943e+10,1.8481e+01,0.0683
1.3526,16,7.1460e+10,7.1460e+10,1.8360e+01,0.0681
1.4275,17,6.7762e+10,6.7762e+10,1.8257e+01,0.0681
1.5021,18,6.4499e+10,6.4499e+10,1.8193e+01,0.0679
1.5769,19,6.1482e+10,6.1482e+10,1.8194e+01,0.0681
1.6516,20,5.8710e+10,5.8710e+10,1.8259e+01,0.0680
1.7263,21,5.6213e+10,5.6213e+10,1.8358e+01,0.0680
1.8016,22,5.4009e+10,5.4009e+10,1.8460e+01,0.0686
1.8760,23,5.2010e+10,5.2010e+10,1.8554e+01,0.0677
1.9504,24,5.0181e+10,5.0181e+10,1.8631e+01,0.0679
2.0252,25,4.8532e+10,4.8532e+10,1.8684e+01,0.0681
2.1001,26,4.7108e+10,4.7108e+10,1.8713e+01,0.0682
2.1748,27,4.5923e+10,4.5923e+10,1.8726e+01,0.0681
2.2495,28,4.4949e+10,4.4949e+10,1.8743e+01,0.0679
2.3238,29,4.4084e+10,4.4084e+10,1.8756e+01,0.0676
2.4013,30,4.3233e+10,4.3233e+10,1.8776e+01,0.0707
2.4764,31,4.2344e+10,4.2344e+10,1.8810e+01,0.0683
2.5583,32,4.1436e+10,4.1436e+10,1.8857e+01,0.0752
2.6329,33,4.0551e+10,4.0551e+10,1.8913e+01,0.0680
2.7074,34,3.9741e+10,3.9741e+10,1.8981e+01,0.0678
2.7822,35,3.9008e+10,3.9008e+10,1.9051e+01,0.0682
2.8570,36,3.8341e+10,3.8341e+10,1.9122e+01,0.0681
2.9321,37,3.7700e+10,3.7700e+10,1.9191e+01,0.0683
3.0067,38,3.7063e+10,3.7063e+10,1.9260e+01,0.0680
3.0814,39,3.6425e+10,3.6425e+10,1.9332e+01,0.0679
3.1560,40,3.5819e+10,3.5819e+10,1.9407e+01,0.0679
3.2310,41,3.5255e+10,3.5255e+10,1.9488e+01,0.0682
3.3059,42,3.4739e+10,3.4739e+10,1.9585e+01,0.0682
3.3805,43,3.4252e+10,3.4252e+10,1.9698e+01,0.0678
3.4553,44,3.3772e+10,3.3772e+10,1.9820e+01,0.0681
3.5317,45,3.3282e+10,3.3282e+10,1.9955e+01,0.0695
3.6084,46,3.2779e+10,3.2779e+10,2.0088e+01,0.0699
3.6832,47,3.2273e+10,3.2273e+10,2.0211e+01,0.0681
3.7581,48,3.1790e+10,3.1790e+10,2.0321e+01,0.0682
3.8333,49,3.1330e+10,3.1330e+10,2.0413e+01,0.0684
3.9080,50,3.0892e+10,3.0892e+10,2.0482e+01,0.0679
3.9828,51,3.0464e+10,3.0464e+10,2.0518e+01,0.0682
4.0578,52,3.0038e+10,3.0038e+10,2.0528e+01,0.0682
4.1325,53,2.9615e+10,2.9615e+10,2.0517e+01,0.0680
4.2074,54,2.9194e+10,2.9194e+10,2.0490e+01,0.0680
4.2818,55,2.8785e+10,2.8785e+10,2.0458e+01,0.0677
4.3566,56,2.8390e+10,2.8390e+10,2.0428e+01,0.0680
4.4314,57,2.8004e+10,2.8004e+10,2.0409e+01,0.0681
4.5060,58,2.7626e+10,2.7626e+10,2.0405e+01,0.0679
4.5807,59,2.7246e+10,2.7246e+10,2.0421e+01,0.0680
4.6558,60,2.6856e+10,2.6856e+10,2.0456e+01,0.0681
4.7306,61,2.6461e+10,2.6461e+10,2.0508e+01,0.0681
4.8057,62,2.6072e+10,2.6072e+10,2.0570e+01,0.0684
4.8803,63,2.5698e+10,2.5698e+10,2.0636e+01,0.0678
4.9547,64,2.5347e+10,2.5347e+10,2.0701e+01,0.0677
5.0293,65,2.5017e+10,2.5017e+10,2.0757e+01,0.0679
5.1041,66,2.4701e+10,2.4701e+10,2.0797e+01,0.0682
5.1793,67,2.4388e+10,2.4388e+10,2.0820e+01,0.0682
5.2542,68,2.4075e+10,2.4075e+10,2.0826e+01,0.0681
5.3289,69,2.3761e+10,2.3761e+10,2.0814e+01,0.0679
5.4034,70,2.3455e+10,2.3455e+10,2.0790e+01,0.0678
5.4781,71,2.3160e+10,2.3160e+10,2.0758e+01,0.0680
5.5529,72,2.2882e+10,2.2882e+10,2.0726e+01,0.0681
5.6276,73,2.2618e+10,2.2618e+10,2.0698e+01,0.0679
5.7021,74,2.2364e+10,2.2364e+10,2.0681e+01,0.0677
5.7762,75,2.2112e+10,2.2112e+10,2.0678e+01,0.0676
5.8510,76,2.1857e+10,2.1857e+10,2.0691e+01,0.0680
5.9257,77,2.1599e+10,2.1599e+10,2.0719e+01,0.0682
6.0003,78,2.1344e+10,2.1344e+10,2.0760e+01,0.0680
6.0747,79,2.1094e+10,2.1094e+10,2.0812e+01,0.0677
6.1492,80,2.0854e+10,2.0854e+10,2.0866e+01,0.0678
6.2239,81,2.0625e+10,2.0625e+10,2.0918e+01,0.0681
6.2987,82,2.0401e+10,2.0401e+10,2.0965e+01,0.0680
6.3733,83,2.0179e+10,2.0179e+10,2.1005e+01,0.0679
6.4482,84,1.9956e+10,1.9956e+10,2.1035e+01,0.0681
6.5234,85,1.9729e+10,1.9729e+10,2.1053e+01,0.0683
6.5982,86,1.9504e+10,1.9504e+10,2.1059e+01,0.0682
6.6742,87,1.9285e+10,1.9285e+10,2.1058e+01,0.0681
6.7491,88,1.9074e+10,1.9074e+10,2.1052e+01,0.0682
6.8246,89,1.8869e+10,1.8869e+10,2.1045e+01,0.0682
6.8995,90,1.8668e+10,1.8668e+10,2.1040e+01,0.0682
6.9745,91,1.8465e+10,1.8465e+10,2.1039e+01,0.0682
7.0495,92,1.8260e+10,1.8260e+10,2.1045e+01,0.0682
7.1243,93,1.8051e+10,1.8051e+10,2.1060e+01,0.0681
7.1992,94,1.7843e+10,1.7843e+10,2.1081e+01,0.0683
7.2740,95,1.7639e+10,1.7639e+10,2.1113e+01,0.0680
7.3489,96,1.7442e+10,1.7442e+10,2.1149e+01,0.0681
7.4241,97,1.7250e+10,1.7250e+10,2.1185e+01,0.0686
7.4990,98,1.7064e+10,1.7064e+10,2.1220e+01,0.0682
7.5792,99,1.6877e+10,1.6877e+10,2.1252e+01,0.0735
7.6543,100,1.6687e+10,1.6687e+10,2.1279e+01,0.0683
7.7818,101,1.6495e+10,1.6495e+10,2.1299e+01,0.0686
7.8568,102,1.6303e+10,1.6303e+10,2.1317e+01,0.0682
7.9315,103,1.6113e+10,1.6113e+10,2.1332e+01,0.0680
8.0063,104,1.5926e+10,1.5926e+10,2.1344e+01,0.0680
8.0808,105,1.5743e+10,1.5743e+10,2.1354e+01,0.0679
8.1580,106,1.5563e+10,1.5563e+10,2.1366e+01,0.0704
8.2341,107,1.5385e+10,1.5385e+10,2.1379e+01,0.0686
8.3088,108,1.5207e+10,1.5207e+10,2.1396e+01,0.0680
8.3834,109,1.5028e+10,1.5028e+10,2.1417e+01,0.0679
8.4581,110,1.4852e+10,1.4852e+10,2.1441e+01,0.0679
8.5331,111,1.4681e+10,1.4681e+10,2.1467e+01,0.0684
8.6081,112,1.4515e+10,1.4515e+10,2.1493e+01,0.0683
8.6828,113,1.4356e+10,1.4356e+10,2.1519e+01,0.0679
8.7581,114,1.4203e+10,1.4203e+10,2.1545e+01,0.0685
8.8329,115,1.4053e+10,1.4053e+10,2.1568e+01,0.0682
8.9077,116,1.3906e+10,1.3906e+10,2.1587e+01,0.0682
8.9826,117,1.3760e+10,1.3760e+10,2.1604e+01,0.0682
9.0570,118,1.3616e+10,1.3616e+10,2.1617e+01,0.0677
9.1317,119,1.3475e+10,1.3475e+10,2.1627e+01,0.0680
9.2092,120,1.3340e+10,1.3340e+10,2.1636e+01,0.0708
9.2841,121,1.3208e+10,1.3208e+10,2.1644e+01,0.0681
9.3590,122,1.3075e+10,1.3075e+10,2.1656e+01,0.0683
9.4338,123,1.2941e+10,1.2941e+10,2.1673e+01,0.0682
9.5088,124,1.2804e+10,1.2804e+10,2.1696e+01,0.0683
9.5834,125,1.2665e+10,1.2665e+10,2.1725e+01,0.0680
9.6582,126,1.2523e+10,1.2523e+10,2.1760e+01,0.0681
9.7329,127,1.2383e+10,1.2383e+10,2.1799e+01,0.0681
9.8076,128,1.2244e+10,1.2244e+10,2.1842e+01,0.0681
9.8820,129,1.2109e+10,1.2109e+10,2.1886e+01,0.0677
9.9564,130,1.1978e+10,1.1978e+10,2.1928e+01,0.0678
10.0310,131,1.1848e+10,1.1848e+10,2.1967e+01,0.0680
10.1068,132,1.1720e+10,1.1720e+10,2.2003e+01,0.0683
10.1837,133,1.1592e+10,1.1592e+10,2.2034e+01,0.0703
10.2596,134,1.1465e+10,1.1465e+10,2.2059e+01,0.0680
10.3344,135,1.1341e+10,1.1341e+10,2.2080e+01,0.0681
10.4090,136,1.1219e+10,1.1219e+10,2.2099e+01,0.0680
10.4837,137,1.1100e+10,1.1100e+10,2.2117e+01,0.0681
10.5584,138,1.0984e+10,1.0984e+10,2.2137e+01,0.0680
10.6333,139,1.0868e+10,1.0868e+10,2.2159e+01,0.0681
10.7078,140,1.0754e+10,1.0754e+10,2.2184e+01,0.0678
10.7824,141,1.0639e+10,1.0639e+10,2.2213e+01,0.0680
10.8573,142,1.0526e+10,1.0526e+10,2.2243e+01,0.0683
10.9326,143,1.0414e+10,1.0414e+10,2.2272e+01,0.0681
11.0073,144,1.0305e+10,1.0305e+10,2.2300e+01,0.0680
11.0818,145,1.0199e+10,1.0199e+10,2.2325e+01,0.0679
11.1565,146,1.0096e+10,1.0096e+10,2.2345e+01,0.0680
11.2336,147,9.9940e+09,9.9940e+09,2.2360e+01,0.0705
11.3085,148,9.8916e+09,9.8916e+09,2.2372e+01,0.0679
11.3829,149,9.7890e+09,9.7890e+09,2.2379e+01,0.0677
11.4576,150,9.6871e+09,9.6871e+09,2.2382e+01,0.0680
11.5326,151,9.5871e+09,9.5871e+09,2.2382e+01,0.0683
11.6074,152,9.4895e+09,9.4895e+09,2.2382e+01,0.0682
11.6823,153,9.3947e+09,9.3947e+09,2.2383e+01,0.0677
11.7567,154,9.3018e+09,9.3018e+09,2.2387e+01,0.0678
11.8313,155,9.2098e+09,9.2098e+09,2.2395e+01,0.0677
11.9059,156,9.1178e+09,9.1178e+09,2.2407e+01,0.0680
11.9804,157,9.0256e+09,9.0256e+09,2.2423e+01,0.0679
12.0546,158,8.9339e+09,8.9339e+09,2.2443e+01,0.0676
12.1288,159,8.8434e+09,8.8434e+09,2.2465e+01,0.0676
12.2037,160,8.7553e+09,8.7553e+09,2.2489e+01,0.0684
12.2821,161,8.6698e+09,8.6698e+09,2.2512e+01,0.0681
12.3565,162,8.5863e+09,8.5863e+09,2.2532e+01,0.0679
12.4308,163,8.5040e+09,8.5040e+09,2.2548e+01,0.0677
12.5052,164,8.4218e+09,8.4218e+09,2.2558e+01,0.0678
12.5795,165,8.3394e+09,8.3394e+09,2.2563e+01,0.0677
12.6552,166,8.2576e+09,8.2576e+09,2.2566e+01,0.0691
12.7303,167,8.1773e+09,8.1773e+09,2.2567e+01,0.0682
12.8054,168,8.0986e+09,8.0986e+09,2.2568e+01,0.0684
12.8795,169,8.0216e+09,8.0216e+09,2.2571e+01,0.0677
12.9536,170,7.9457e+09,7.9457e+09,2.2579e+01,0.0675
13.0283,171,7.8702e+09,7.8702e+09,2.2591e+01,0.0681
13.1030,172,7.7943e+09,7.7943e+09,2.2610e+01,0.0681
13.1771,173,7.7188e+09,7.7188e+09,2.2637e+01,0.0676
13.2514,174,7.6445e+09,7.6445e+09,2.2671e+01,0.0677
13.3259,175,7.5720e+09,7.5720e+09,2.2707e+01,0.0678
13.4008,176,7.5015e+09,7.5015e+09,2.2744e+01,0.0682
13.4755,177,7.4330e+09,7.4330e+09,2.2780e+01,0.0682
13.5499,178,7.3655e+09,7.3655e+09,2.2811e+01,0.0678
13.6244,179,7.2978e+09,7.2978e+09,2.2836e+01,0.0679
13.6994,180,7.2299e+09,7.2299e+09,2.2857e+01,0.0680
13.7740,181,7.1624e+09,7.1624e+09,2.2872e+01,0.0681
13.8488,182,7.0961e+09,7.0961e+09,2.2883e+01,0.0682
13.9233,183,7.0315e+09,7.0315e+09,2.2892e+01,0.0679
13.9978,184,6.9689e+09,6.9689e+09,2.2899e+01,0.0679
14.0724,185,6.9078e+09,6.9078e+09,2.2906e+01,0.0680
14.1470,186,6.8471e+09,6.8471e+09,2.2916e+01,0.0680
14.2217,187,6.7860e+09,6.7860e+09,2.2928e+01,0.0681
14.2973,188,6.7243e+09,6.7243e+09,2.2945e+01,0.0682
14.3719,189,6.6624e+09,6.6624e+09,2.2967e+01,0.0679
14.4463,190,6.6012e+09,6.6012e+09,2.2992e+01,0.0679
14.5211,191,6.5414e+09,6.5414e+09,2.3019e+01,0.0682
14.5961,192,6.4833e+09,6.4833e+09,2.3045e+01,0.0684
14.6712,193,6.4264e+09,6.4264e+09,2.3072e+01,0.0680
14.7456,194,6.3703e+09,6.3703e+09,2.3096e+01,0.0678
14.8200,195,6.3145e+09,6.3145e+09,2.3117e+01,0.0678
14.8947,196,6.2590e+09,6.2590e+09,2.3137e+01,0.0679
14.9698,197,6.2040e+09,6.2040e+09,2.3155e+01,0.0685
15.0444,198,6.1499e+09,6.1499e+09,2.3173e+01,0.0679
15.1188,199,6.0971e+09,6.0971e+09,2.3189e+01,0.0679
15.1935,200,6.0452e+09,6.0452e+09,2.3205e+01,0.0680
15.3237,201,5.9936e+09,5.9936e+09,2.3223e+01,0.0686
15.3990,202,5.9420e+09,5.9420e+09,2.3241e+01,0.0684
15.4738,203,5.8903e+09,5.8903e+09,2.3261e+01,0.0681
15.5490,204,5.8387e+09,5.8387e+09,2.3283e+01,0.0685
15.6248,205,5.7877e+09,5.7877e+09,2.3307e+01,0.0693
15.6999,206,5.7378e+09,5.7378e+09,2.3330e+01,0.0684
15.7749,207,5.6892e+09,5.6892e+09,2.3354e+01,0.0684
15.8495,208,5.6416e+09,5.6416e+09,2.3377e+01,0.0680
15.9242,209,5.5945e+09,5.5945e+09,2.3398e+01,0.0681
16.0003,210,5.5475e+09,5.5475e+09,2.3417e+01,0.0682
16.0749,211,5.5005e+09,5.5005e+09,2.3435e+01,0.0680
16.1497,212,5.4539e+09,5.4539e+09,2.3451e+01,0.0682
16.2246,213,5.4082e+09,5.4082e+09,2.3467e+01,0.0683
16.3046,214,5.3637e+09,5.3637e+09,2.3484e+01,0.0732
16.3792,215,5.3203e+09,5.3203e+09,2.3502e+01,0.0680
16.4539,216,5.2777e+09,5.2777e+09,2.3522e+01,0.0680
16.5288,217,5.2356e+09,5.2356e+09,2.3544e+01,0.0682
16.6037,218,5.1933e+09,5.1933e+09,2.3569e+01,0.0683
16.6789,219,5.1511e+09,5.1511e+09,2.3595e+01,0.0683
16.7534,220,5.1092e+09,5.1092e+09,2.3623e+01,0.0679
16.8284,221,5.0680e+09,5.0680e+09,2.3650e+01,0.0681
16.9030,222,5.0278e+09,5.0278e+09,2.3675e+01,0.0680
16.9776,223,4.9883e+09,4.9883e+09,2.3697e+01,0.0680
17.0522,224,4.9493e+09,4.9493e+09,2.3717e+01,0.0679
17.1267,225,4.9105e+09,4.9105e+09,2.3733e+01,0.0678
17.2017,226,4.8720e+09,4.8720e+09,2.3747e+01,0.0684
17.2773,227,4.8339e+09,4.8339e+09,2.3759e+01,0.0690
17.3520,228,4.7965e+09,4.7965e+09,2.3772e+01,0.0681
17.4264,229,4.7598e+09,4.7598e+09,2.3785e+01,0.0678
17.5012,230,4.7237e+09,4.7237e+09,2.3801e+01,0.0682
17.5761,231,4.6878e+09,4.6878e+09,2.3819e+01,0.0684
17.6511,232,4.6518e+09,4.6518e+09,2.3841e+01,0.0683
17.7337,233,4.6158e+09,4.6158e+09,2.3866e+01,0.0759
17.8085,234,4.5799e+09,4.5799e+09,2.3893e+01,0.0682
17.8834,235,4.5443e+09,4.5443e+09,2.3922e+01,0.0681
17.9582,236,4.5094e+09,4.5094e+09,2.3951e+01,0.0681
18.0332,237,4.4754e+09,4.4754e+09,2.3978e+01,0.0685
18.1078,238,4.4420e+09,4.4420e+09,2.4003e+01,0.0679
18.1822,239,4.4087e+09,4.4087e+09,2.4024e+01,0.0679
18.2567,240,4.3755e+09,4.3755e+09,2.4041e+01,0.0678
18.3359,241,4.3422e+09,4.3422e+09,2.4055e+01,0.0726
18.4112,242,4.3093e+09,4.3093e+09,2.4065e+01,0.0686
18.4858,243,4.2770e+09,4.2770e+09,2.4073e+01,0.0680
18.5605,244,4.2455e+09,4.2455e+09,2.4082e+01,0.0679
18.6354,245,4.2148e+09,4.2148e+09,2.4091e+01,0.0683
18.7101,246,4.1842e+09,4.1842e+09,2.4104e+01,0.0681
18.7848,247,4.1536e+09,4.1536e+09,2.4121e+01,0.0681
18.8594,248,4.1230e+09,4.1230e+09,2.4142e+01,0.0679
18.9342,249,4.0926e+09,4.0926e+09,2.4165e+01,0.0682
19.0087,250,4.0629e+09,4.0629e+09,2.4191e+01,0.0679
19.0833,251,4.0339e+09,4.0339e+09,2.4217e+01,0.0681
19.1582,252,4.0056e+09,4.0056e+09,2.4242e+01,0.0683
19.2327,253,3.9776e+09,3.9776e+09,2.4266e+01,0.0679
19.3072,254,3.9498e+09,3.9498e+09,2.4286e+01,0.0679
19.3817,255,3.9219e+09,3.9219e+09,2.4304e+01,0.0678
19.4566,256,3.8942e+09,3.8942e+09,2.4320e+01,0.0682
19.5316,257,3.8670e+09,3.8670e+09,2.4334e+01,0.0684
19.6066,258,3.8402e+09,3.8402e+09,2.4348e+01,0.0683
19.6818,259,3.8137e+09,3.8137e+09,2.4361e+01,0.0683
19.7565,260,3.7873e+09,3.7873e+09,2.4376e+01,0.0680
19.8317,261,3.7605e+09,3.7605e+09,2.4393e+01,0.0682
19.9066,262,3.7336e+09,3.7336e+09,2.4412e+01,0.0682
19.9810,263,3.7066e+09,3.7066e+09,2.4433e+01,0.0678
20.0556,264,3.6801e+09,3.6801e+09,2.4456e+01,0.0681
20.1303,265,3.6541e+09,3.6541e+09,2.4479e+01,0.0678
20.2053,266,3.6287e+09,3.6287e+09,2.4502e+01,0.0682
20.2800,267,3.6038e+09,3.6038e+09,2.4523e+01,0.0681
20.3587,268,3.5791e+09,3.5791e+09,2.4543e+01,0.0722
20.4336,269,3.5543e+09,3.5543e+09,2.4561e+01,0.0682
20.5082,270,3.5297e+09,3.5297e+09,2.4576e+01,0.0681
20.5831,271,3.5054e+09,3.5054e+09,2.4588e+01,0.0683
20.6581,272,3.4817e+09,3.4817e+09,2.4600e+01,0.0682
20.7330,273,3.4586e+09,3.4586e+09,2.4613e+01,0.0682
20.8078,274,3.4358e+09,3.4358e+09,2.4625e+01,0.0682
20.8822,275,3.4132e+09,3.4132e+09,2.4638e+01,0.0679
20.9602,276,3.3905e+09,3.3905e+09,2.4652e+01,0.0713
21.0351,277,3.3679e+09,3.3679e+09,2.4667e+01,0.0683
21.1096,278,3.3455e+09,3.3455e+09,2.4683e+01,0.0680
21.1842,279,3.3237e+09,3.3237e+09,2.4699e+01,0.0679
21.2588,280,3.3025e+09,3.3025e+09,2.4715e+01,0.0681
21.3338,281,3.2818e+09,3.2818e+09,2.4729e+01,0.0684
21.4087,282,3.2612e+09,3.2612e+09,2.4741e+01,0.0681
21.4832,283,3.2407e+09,3.2407e+09,2.4751e+01,0.0680
21.5577,284,3.2201e+09,3.2201e+09,2.4760e+01,0.0679
21.6322,285,3.1997e+09,3.1997e+09,2.4768e+01,0.0680
21.7071,286,3.1796e+09,3.1796e+09,2.4777e+01,0.0681
21.7820,287,3.1599e+09,3.1599e+09,2.4788e+01,0.0682
21.8563,288,3.1403e+09,3.1403e+09,2.4802e+01,0.0677
21.9308,289,3.1206e+09,3.1206e+09,2.4819e+01,0.0678
22.0054,290,3.1007e+09,3.1007e+09,2.4840e+01,0.0681
22.0799,291,3.0805e+09,3.0805e+09,2.4865e+01,0.0679
22.1546,292,3.0604e+09,3.0604e+09,2.4892e+01,0.0681
22.2292,293,3.0405e+09,3.0405e+09,2.4921e+01,0.0679
22.3037,294,3.0211e+09,3.0211e+09,2.4950e+01,0.0679
22.3850,295,3.0020e+09,3.0020e+09,2.4978e+01,0.0735
22.4599,296,2.9832e+09,2.9832e+09,2.5004e+01,0.0683
22.5348,297,2.9645e+09,2.9645e+09,2.5027e+01,0.0684
22.6092,298,2.9459e+09,2.9459e+09,2.5047e+01,0.0678
22.6882,299,2.9274e+09,2.9274e+09,2.5064e+01,0.0724
22.7631,300,2.9095e+09,2.9095e+09,2.5079e+01,0.0681
22.8908,301,2.8919e+09,2.8919e+09,2.5094e+01,0.0697
22.9666,302,2.8746e+09,2.8746e+09,2.5109e+01,0.0690
23.0418,303,2.8574e+09,2.8574e+09,2.5124e+01,0.0684
23.1167,304,2.8402e+09,2.8402e+09,2.5141e+01,0.0682
23.1914,305,2.8230e+09,2.8230e+09,2.5159e+01,0.0681
23.2664,306,2.8060e+09,2.8060e+09,2.5177e+01,0.0683
23.3455,307,2.7894e+09,2.7894e+09,2.5196e+01,0.0725
23.4260,308,2.7731e+09,2.7731e+09,2.5213e+01,0.0702
23.5027,309,2.7570e+09,2.7570e+09,2.5229e+01,0.0693
23.5783,310,2.7409e+09,2.7409e+09,2.5243e+01,0.0687
23.6541,311,2.7247e+09,2.7247e+09,2.5255e+01,0.0685
23.7293,312,2.7085e+09,2.7085e+09,2.5267e+01,0.0682
23.8044,313,2.6924e+09,2.6924e+09,2.5278e+01,0.0683
23.8788,314,2.6766e+09,2.6766e+09,2.5289e+01,0.0677
23.9531,315,2.6611e+09,2.6611e+09,2.5301e+01,0.0678
24.0277,316,2.6456e+09,2.6456e+09,2.5315e+01,0.0679
24.1023,317,2.6301e+09,2.6301e+09,2.5332e+01,0.0681
24.1766,318,2.6143e+09,2.6143e+09,2.5351e+01,0.0678
24.2508,319,2.5986e+09,2.5986e+09,2.5373e+01,0.0677
24.3253,320,2.5829e+09,2.5829e+09,2.5395e+01,0.0679
24.4043,321,2.5676e+09,2.5676e+09,2.5416e+01,0.0725
24.4792,322,2.5526e+09,2.5526e+09,2.5436e+01,0.0682
24.5537,323,2.5378e+09,2.5378e+09,2.5453e+01,0.0679
24.6290,324,2.5231e+09,2.5231e+09,2.5468e+01,0.0687
24.7038,325,2.5084e+09,2.5084e+09,2.5480e+01,0.0680
24.7785,326,2.4938e+09,2.4938e+09,2.5490e+01,0.0682
24.8533,327,2.4796e+09,2.4796e+09,2.5499e+01,0.0682
24.9279,328,2.4657e+09,2.4657e+09,2.5508e+01,0.0679
25.0024,329,2.4520e+09,2.4520e+09,2.5519e+01,0.0679
25.0767,330,2.4384e+09,2.4384e+09,2.5532e+01,0.0677
25.1514,331,2.4248e+09,2.4248e+09,2.5549e+01,0.0681
25.2260,332,2.4112e+09,2.4112e+09,2.5568e+01,0.0680
25.3007,333,2.3979e+09,2.3979e+09,2.5589e+01,0.0682
25.3759,334,2.3848e+09,2.3848e+09,2.5612e+01,0.0686
25.4512,335,2.3721e+09,2.3721e+09,2.5635e+01,0.0680
25.5259,336,2.3594e+09,2.3594e+09,2.5657e+01,0.0682
25.6012,337,2.3467e+09,2.3467e+09,2.5677e+01,0.0687
25.6763,338,2.3339e+09,2.3339e+09,2.5693e+01,0.0684
25.7506,339,2.3210e+09,2.3210e+09,2.5707e+01,0.0678
25.8253,340,2.3082e+09,2.3082e+09,2.5720e+01,0.0681
25.9001,341,2.2956e+09,2.2956e+09,2.5731e+01,0.0683
25.9746,342,2.2831e+09,2.2831e+09,2.5742e+01,0.0680
26.0490,343,2.2707e+09,2.2707e+09,2.5755e+01,0.0679
26.1235,344,2.2582e+09,2.2582e+09,2.5769e+01,0.0680
26.1979,345,2.2456e+09,2.2456e+09,2.5785e+01,0.0678
26.2725,346,2.2331e+09,2.2331e+09,2.5803e+01,0.0680
26.3470,347,2.2208e+09,2.2208e+09,2.5821e+01,0.0679
26.4215,348,2.2087e+09,2.2087e+09,2.5839e+01,0.0679
26.4974,349,2.1968e+09,2.1968e+09,2.5856e+01,0.0691
26.5724,350,2.1850e+09,2.1850e+09,2.5871e+01,0.0681
26.6475,351,2.1732e+09,2.1732e+09,2.5883e+01,0.0686
26.7222,352,2.1615e+09,2.1615e+09,2.5894e+01,0.0680
26.7965,353,2.1500e+09,2.1500e+09,2.5903e+01,0.0678
26.8711,354,2.1386e+09,2.1386e+09,2.5910e+01,0.0679
26.9456,355,2.1275e+09,2.1275e+09,2.5918e+01,0.0679
27.0201,356,2.1164e+09,2.1164e+09,2.5926e+01,0.0681
27.0947,357,2.1053e+09,2.1053e+09,2.5935e+01,0.0680
27.1690,358,2.0942e+09,2.0942e+09,2.5945e+01,0.0678
27.2435,359,2.0832e+09,2.0832e+09,2.5956e+01,0.0679
27.3183,360,2.0723e+09,2.0723e+09,2.5968e+01,0.0682
27.3932,361,2.0617e+09,2.0617e+09,2.5980e+01,0.0681
27.4711,362,2.0511e+09,2.0511e+09,2.5992e+01,0.0686
27.5455,363,2.0407e+09,2.0407e+09,2.6002e+01,0.0679
27.6202,364,2.0303e+09,2.0303e+09,2.6010e+01,0.0681
27.6949,365,2.0199e+09,2.0199e+09,2.6018e+01,0.0678
27.7697,366,2.0096e+09,2.0096e+09,2.6023e+01,0.0683
27.8445,367,1.9994e+09,1.9994e+09,2.6028e+01,0.0682
27.9189,368,1.9893e+09,1.9893e+09,2.6034e+01,0.0679
27.9934,369,1.9794e+09,1.9794e+09,2.6041e+01,0.0678
28.0681,370,1.9694e+09,1.9694e+09,2.6049e+01,0.0682
28.1426,371,1.9593e+09,1.9593e+09,2.6058e+01,0.0680
28.2174,372,1.9493e+09,1.9493e+09,2.6066e+01,0.0682
28.2925,373,1.9395e+09,1.9395e+09,2.6074e+01,0.0685
28.3679,374,1.9299e+09,1.9299e+09,2.6081e+01,0.0687
28.4450,375,1.9204e+09,1.9204e+09,2.6087e+01,0.0695
28.5228,376,1.9111e+09,1.9111e+09,2.6091e+01,0.0699
28.6006,377,1.9017e+09,1.9017e+09,2.6094e+01,0.0699
28.6776,378,1.8923e+09,1.8923e+09,2.6095e+01,0.0695
28.7528,379,1.8831e+09,1.8831e+09,2.6096e+01,0.0683
28.8291,380,1.8740e+09,1.8740e+09,2.6099e+01,0.0695
28.9073,381,1.8650e+09,1.8650e+09,2.6104e+01,0.0699
28.9821,382,1.8559e+09,1.8559e+09,2.6111e+01,0.0682
29.0565,383,1.8469e+09,1.8469e+09,2.6121e+01,0.0679
29.1312,384,1.8378e+09,1.8378e+09,2.6133e+01,0.0681
29.2060,385,1.8288e+09,1.8288e+09,2.6146e+01,0.0681
29.2806,386,1.8200e+09,1.8200e+09,2.6160e+01,0.0681
29.3552,387,1.8113e+09,1.8113e+09,2.6174e+01,0.0681
29.4302,388,1.8027e+09,1.8027e+09,2.6186e+01,0.0684
29.5077,389,1.7942e+09,1.7942e+09,2.6196e+01,0.0680
29.5822,390,1.7857e+09,1.7857e+09,2.6203e+01,0.0679
29.6569,391,1.7772e+09,1.7772e+09,2.6209e+01,0.0682
29.7319,392,1.7689e+09,1.7689e+09,2.6212e+01,0.0683
29.8064,393,1.7607e+09,1.7607e+09,2.6214e+01,0.0680
29.8807,394,1.7527e+09,1.7527e+09,2.6217e+01,0.0679
29.9548,395,1.7446e+09,1.7446e+09,2.6221e+01,0.0676
30.0293,396,1.7366e+09,1.7366e+09,2.6227e+01,0.0679
30.1037,397,1.7286e+09,1.7286e+09,2.6234e+01,0.0680
30.1782,398,1.7207e+09,1.7207e+09,2.6242e+01,0.0679
30.2527,399,1.7129e+09,1.7129e+09,2.6251e+01,0.0679
30.3271,400,1.7053e+09,1.7053e+09,2.6260e+01,0.0678
30.4554,401,1.6977e+09,1.6977e+09,2.6268e+01,0.0692
30.5306,402,1.6901e+09,1.6901e+09,2.6274e+01,0.0683
30.6055,403,1.6825e+09,1.6825e+09,2.6279e+01,0.0682
30.6807,404,1.6750e+09,1.6750e+09,2.6283e+01,0.0686
30.7553,405,1.6675e+09,1.6675e+09,2.6286e+01,0.0680
30.8304,406,1.6601e+09,1.6601e+09,2.6289e+01,0.0683
30.9052,407,1.6527e+09,1.6527e+09,2.6293e+01,0.0681
30.9797,408,1.6453e+09,1.6453e+09,2.6298e+01,0.0679
31.0540,409,1.6379e+09,1.6379e+09,2.6303e+01,0.0679
31.1293,410,1.6304e+09,1.6304e+09,2.6310e+01,0.0680
31.2041,411,1.6231e+09,1.6231e+09,2.6318e+01,0.0682
31.2787,412,1.6159e+09,1.6159e+09,2.6326e+01,0.0681
31.3533,413,1.6088e+09,1.6088e+09,2.6334e+01,0.0681
31.4279,414,1.6018e+09,1.6018e+09,2.6341e+01,0.0680
31.5056,415,1.5948e+09,1.5948e+09,2.6346e+01,0.0713
31.5803,416,1.5877e+09,1.5877e+09,2.6350e+01,0.0681
31.6553,417,1.5807e+09,1.5807e+09,2.6353e+01,0.0681
31.7299,418,1.5738e+09,1.5738e+09,2.6357e+01,0.0680
31.8045,419,1.5670e+09,1.5670e+09,2.6360e+01,0.0681
31.8789,420,1.5602e+09,1.5602e+09,2.6365e+01,0.0677
31.9534,421,1.5534e+09,1.5534e+09,2.6370e+01,0.0680
32.0281,422,1.5467e+09,1.5467e+09,2.6376e+01,0.0681
32.1030,423,1.5400e+09,1.5400e+09,2.6383e+01,0.0683
32.1776,424,1.5335e+09,1.5335e+09,2.6389e+01,0.0680
32.2518,425,1.5269e+09,1.5269e+09,2.6395e+01,0.0678
32.3265,426,1.5205e+09,1.5205e+09,2.6400e+01,0.0681
32.4012,427,1.5141e+09,1.5141e+09,2.6404e+01,0.0682
32.4759,428,1.5076e+09,1.5076e+09,2.6408e+01,0.0682
32.5507,429,1.5013e+09,1.5013e+09,2.6411e+01,0.0682
32.6249,430,1.4950e+09,1.4950e+09,2.6413e+01,0.0678
32.7028,431,1.4888e+09,1.4888e+09,2.6416e+01,0.0713
32.7777,432,1.4827e+09,1.4827e+09,2.6421e+01,0.0683
32.8523,433,1.4765e+09,1.4765e+09,2.6426e+01,0.0679
32.9267,434,1.4704e+09,1.4704e+09,2.6434e+01,0.0678
33.0011,435,1.4642e+09,1.4642e+09,2.6442e+01,0.0679
33.0758,436,1.4581e+09,1.4581e+09,2.6452e+01,0.0681
33.1504,437,1.4521e+09,1.4521e+09,2.6461e+01,0.0681
33.2249,438,1.4462e+09,1.4462e+09,2.6471e+01,0.0679
33.2993,439,1.4403e+09,1.4403e+09,2.6479e+01,0.0679
33.3739,440,1.4344e+09,1.4344e+09,2.6487e+01,0.0680
33.4485,441,1.4286e+09,1.4286e+09,2.6493e+01,0.0682
33.5269,442,1.4228e+09,1.4228e+09,2.6498e+01,0.0718
33.6019,443,1.4171e+09,1.4171e+09,2.6503e+01,0.0684
33.6767,444,1.4115e+09,1.4115e+09,2.6509e+01,0.0680
33.7512,445,1.4059e+09,1.4059e+09,2.6515e+01,0.0679
33.8266,446,1.4003e+09,1.4003e+09,2.6522e+01,0.0688
33.9031,447,1.3948e+09,1.3948e+09,2.6531e+01,0.0692
33.9775,448,1.3893e+09,1.3893e+09,2.6539e+01,0.0677
34.0523,449,1.3838e+09,1.3838e+09,2.6548e+01,0.0680
34.1269,450,1.3784e+09,1.3784e+09,2.6555e+01,0.0680
34.2017,451,1.3730e+09,1.3730e+09,2.6562e+01,0.0682
34.2833,452,1.3676e+09,1.3676e+09,2.6568e+01,0.0750
34.3576,453,1.3622e+09,1.3622e+09,2.6573e+01,0.0679
34.4324,454,1.3569e+09,1.3569e+09,2.6578e+01,0.0681
34.5070,455,1.3516e+09,1.3516e+09,2.6582e+01,0.0681
34.5818,456,1.3464e+09,1.3464e+09,2.6587e+01,0.0683
34.6565,457,1.3412e+09,1.3412e+09,2.6593e+01,0.0681
34.7331,458,1.3361e+09,1.3361e+09,2.6600e+01,0.0699
34.8083,459,1.3309e+09,1.3309e+09,2.6607e+01,0.0686
34.8826,460,1.3257e+09,1.3257e+09,2.6616e+01,0.0678
34.9577,461,1.3206e+09,1.3206e+09,2.6624e+01,0.0681
35.0328,462,1.3156e+09,1.3156e+09,2.6631e+01,0.0684
35.1073,463,1.3105e+09,1.3105e+09,2.6637e+01,0.0679
35.1824,464,1.3055e+09,1.3055e+09,2.6642e+01,0.0679
35.2571,465,1.3005e+09,1.3005e+09,2.6645e+01,0.0679
35.3322,466,1.2956e+09,1.2956e+09,2.6647e+01,0.0683
35.4070,467,1.2908e+09,1.2908e+09,2.6650e+01,0.0683
35.4813,468,1.2859e+09,1.2859e+09,2.6653e+01,0.0678
35.5579,469,1.2811e+09,1.2811e+09,2.6657e+01,0.0699
35.6329,470,1.2763e+09,1.2763e+09,2.6662e+01,0.0682
35.7078,471,1.2715e+09,1.2715e+09,2.6668e+01,0.0683
35.7823,472,1.2668e+09,1.2668e+09,2.6674e+01,0.0681
35.8567,473,1.2621e+09,1.2621e+09,2.6681e+01,0.0678
35.9318,474,1.2575e+09,1.2575e+09,2.6686e+01,0.0685
36.0068,475,1.2529e+09,1.2529e+09,2.6691e+01,0.0684
36.0812,476,1.2483e+09,1.2483e+09,2.6695e+01,0.0679
36.1559,477,1.2438e+09,1.2438e+09,2.6698e+01,0.0680
36.2305,478,1.2393e+09,1.2393e+09,2.6699e+01,0.0680
36.3049,479,1.2349e+09,1.2349e+09,2.6701e+01,0.0680
36.3794,480,1.2305e+09,1.2305e+09,2.6702e+01,0.0679
36.4540,481,1.2261e+09,1.2261e+09,2.6704e+01,0.0679
36.5294,482,1.2216e+09,1.2216e+09,2.6707e+01,0.0688
36.6045,483,1.2172e+09,1.2172e+09,2.6709e+01,0.0685
36.6793,484,1.2128e+09,1.2128e+09,2.6712e+01,0.0678
36.7539,485,1.2085e+09,1.2085e+09,2.6714e+01,0.0678
36.8287,486,1.2041e+09,1.2041e+09,2.6716e+01,0.0682
36.9036,487,1.1999e+09,1.1999e+09,2.6717e+01,0.0684
36.9783,488,1.1956e+09,1.1956e+09,2.6716e+01,0.0679
37.0531,489,1.1913e+09,1.1913e+09,2.6716e+01,0.0680
37.1276,490,1.1871e+09,1.1871e+09,2.6715e+01,0.0679
37.2021,491,1.1829e+09,1.1829e+09,2.6714e+01,0.0682
37.2766,492,1.1788e+09,1.1788e+09,2.6715e+01,0.0679
37.3511,493,1.1746e+09,1.1746e+09,2.6716e+01,0.0678
37.4259,494,1.1704e+09,1.1704e+09,2.6719e+01,0.0682
37.5002,495,1.1663e+09,1.1663e+09,2.6722e+01,0.0680
37.5791,496,1.1622e+09,1.1622e+09,2.6726e+01,0.0721
37.6542,497,1.1582e+09,1.1582e+09,2.6729e+01,0.0681
37.7287,498,1.1542e+09,1.1542e+09,2.6732e+01,0.0680
37.8041,499,1.1502e+09,1.1502e+09,2.6734e+01,0.0689
37.8788,500,1.1462e+09,1.1462e+09,2.6735e+01,0.0680
38.0074,501,1.1423e+09,1.1423e+09,2.6736e+01,0.0713
38.0821,502,1.1385e+09,1.1385e+09,2.6737e+01,0.0681
38.1563,503,1.1346e+09,1.1346e+09,2.6738e+01,0.0677
38.2309,504,1.1308e+09,1.1308e+09,2.6739e+01,0.0681
38.3103,505,1.1270e+09,1.1270e+09,2.6741e+01,0.0729
38.3854,506,1.1232e+09,1.1232e+09,2.6743e+01,0.0684
38.4601,507,1.1194e+09,1.1194e+09,2.6747e+01,0.0681
38.5348,508,1.1157e+09,1.1157e+09,2.6750e+01,0.0679
38.6152,509,1.1120e+09,1.1120e+09,2.6753e+01,0.0683
38.6907,510,1.1083e+09,1.1083e+09,2.6756e+01,0.0686
38.7657,511,1.1046e+09,1.1046e+09,2.6758e+01,0.0683
38.8403,512,1.1009e+09,1.1009e+09,2.6759e+01,0.0681
38.9161,513,1.0973e+09,1.0973e+09,2.6760e+01,0.0689
38.9912,514,1.0937e+09,1.0937e+09,2.6761e+01,0.0685
39.0661,515,1.0901e+09,1.0901e+09,2.6762e+01,0.0684
39.1406,516,1.0865e+09,1.0865e+09,2.6764e+01,0.0680
39.2153,517,1.0830e+09,1.0830e+09,2.6767e+01,0.0680
39.2897,518,1.0794e+09,1.0794e+09,2.6770e+01,0.0679
39.3642,519,1.0759e+09,1.0759e+09,2.6774e+01,0.0680
39.4386,520,1.0724e+09,1.0724e+09,2.6778e+01,0.0680
39.5132,521,1.0689e+09,1.0689e+09,2.6782e+01,0.0679
39.5879,522,1.0655e+09,1.0655e+09,2.6784e+01,0.0682
39.6626,523,1.0620e+09,1.0620e+09,2.6786e+01,0.0680
39.7402,524,1.0586e+09,1.0586e+09,2.6786e+01,0.0710
39.8147,525,1.0552e+09,1.0552e+09,2.6786e+01,0.0677
39.8894,526,1.0518e+09,1.0518e+09,2.6785e+01,0.0682
39.9642,527,1.0485e+09,1.0485e+09,2.6784e+01,0.0682
40.0386,528,1.0451e+09,1.0451e+09,2.6785e+01,0.0679
40.1131,529,1.0417e+09,1.0417e+09,2.6786e+01,0.0678
40.1884,530,1.0384e+09,1.0384e+09,2.6787e+01,0.0679
40.2630,531,1.0351e+09,1.0351e+09,2.6789e+01,0.0681
40.3375,532,1.0318e+09,1.0318e+09,2.6791e+01,0.0679
40.4128,533,1.0285e+09,1.0285e+09,2.6794e+01,0.0685
40.4872,534,1.0253e+09,1.0253e+09,2.6795e+01,0.0679
40.5645,535,1.0220e+09,1.0220e+09,2.6796e+01,0.0706
40.6424,536,1.0188e+09,1.0188e+09,2.6797e+01,0.0684
40.7171,537,1.0156e+09,1.0156e+09,2.6797e+01,0.0681
40.7919,538,1.0125e+09,1.0125e+09,2.6798e+01,0.0681
40.8662,539,1.0094e+09,1.0094e+09,2.6799e+01,0.0680
40.9403,540,1.0063e+09,1.0063e+09,2.6801e+01,0.0676
41.0152,541,1.0032e+09,1.0032e+09,2.6804e+01,0.0683
41.0896,542,1.0001e+09,1.0001e+09,2.6806e+01,0.0679
41.1639,543,9.9708e+08,9.9708e+08,2.6809e+01,0.0680
41.2381,544,9.9409e+08,9.9409e+08,2.6811e+01,0.0678
41.3122,545,9.9110e+08,9.9110e+08,2.6813e+01,0.0675
41.3867,546,9.8811e+08,9.8811e+08,2.6814e+01,0.0680
41.4616,547,9.8512e+08,9.8512e+08,2.6815e+01,0.0681
41.5361,548,9.8215e+08,9.8215e+08,2.6816e+01,0.0678
41.6110,549,9.7921e+08,9.7921e+08,2.6816e+01,0.0682
41.6856,550,9.7630e+08,9.7630e+08,2.6817e+01,0.0679
41.7600,551,9.7340e+08,9.7340e+08,2.6819e+01,0.0678
41.8349,552,9.7052e+08,9.7052e+08,2.6822e+01,0.0682
41.9094,553,9.6765e+08,9.6765e+08,2.6825e+01,0.0680
41.9838,554,9.6480e+08,9.6480e+08,2.6829e+01,0.0680
42.0584,555,9.6196e+08,9.6196e+08,2.6832e+01,0.0679
42.1330,556,9.5915e+08,9.5915e+08,2.6834e+01,0.0680
42.2080,557,9.5635e+08,9.5635e+08,2.6835e+01,0.0685
42.2840,558,9.5356e+08,9.5356e+08,2.6836e+01,0.0695
42.3586,559,9.5079e+08,9.5079e+08,2.6836e+01,0.0681
42.4332,560,9.4806e+08,9.4806e+08,2.6836e+01,0.0678
42.5080,561,9.4534e+08,9.4534e+08,2.6836e+01,0.0682
42.5824,562,9.4264e+08,9.4264e+08,2.6836e+01,0.0680
42.6601,563,9.3995e+08,9.3995e+08,2.6838e+01,0.0681
42.7350,564,9.3725e+08,9.3725e+08,2.6841e+01,0.0681
42.8099,565,9.3456e+08,9.3456e+08,2.6844e+01,0.0683
42.8848,566,9.3189e+08,9.3189e+08,2.6848e+01,0.0683
42.9592,567,9.2924e+08,9.2924e+08,2.6852e+01,0.0679
43.0340,568,9.2659e+08,9.2659e+08,2.6855e+01,0.0680
43.1084,569,9.2396e+08,9.2396e+08,2.6859e+01,0.0680
43.1830,570,9.2134e+08,9.2134e+08,2.6861e+01,0.0681
43.2576,571,9.1875e+08,9.1875e+08,2.6863e+01,0.0681
43.3342,572,9.1618e+08,9.1618e+08,2.6866e+01,0.0698
43.4086,573,9.1362e+08,9.1362e+08,2.6868e+01,0.0679
43.4830,574,9.1105e+08,9.1105e+08,2.6871e+01,0.0678
43.5573,575,9.0847e+08,9.0847e+08,2.6874e+01,0.0677
43.6321,576,9.0590e+08,9.0590e+08,2.6878e+01,0.0682
43.7070,577,9.0332e+08,9.0332e+08,2.6882e+01,0.0684
43.7838,578,9.0077e+08,9.0077e+08,2.6885e+01,0.0704
43.8582,579,8.9823e+08,8.9823e+08,2.6889e+01,0.0679
43.9336,580,8.9569e+08,8.9569e+08,2.6892e+01,0.0680
44.0084,581,8.9317e+08,8.9317e+08,2.6895e+01,0.0682
44.0830,582,8.9068e+08,8.9068e+08,2.6897e+01,0.0681
44.1574,583,8.8822e+08,8.8822e+08,2.6899e+01,0.0678
44.2321,584,8.8579e+08,8.8579e+08,2.6901e+01,0.0681
44.3064,585,8.8336e+08,8.8336e+08,2.6903e+01,0.0678
44.3809,586,8.8093e+08,8.8093e+08,2.6905e+01,0.0680
44.4553,587,8.7850e+08,8.7850e+08,2.6907e+01,0.0680
44.5299,588,8.7608e+08,8.7608e+08,2.6909e+01,0.0680
44.6045,589,8.7369e+08,8.7369e+08,2.6912e+01,0.0681
44.6809,590,8.7132e+08,8.7132e+08,2.6914e+01,0.0679
44.7556,591,8.6895e+08,8.6895e+08,2.6917e+01,0.0682
44.8303,592,8.6660e+08,8.6660e+08,2.6919e+01,0.0680
44.9047,593,8.6427e+08,8.6427e+08,2.6921e+01,0.0679
44.9788,594,8.6196e+08,8.6196e+08,2.6924e+01,0.0676
45.0531,595,8.5967e+08,8.5967e+08,2.6926e+01,0.0677
45.1277,596,8.5738e+08,8.5738e+08,2.6929e+01,0.0680
45.2028,597,8.5511e+08,8.5511e+08,2.6933e+01,0.0682
45.2771,598,8.5283e+08,8.5283e+08,2.6936e+01,0.0678
45.3514,599,8.5057e+08,8.5057e+08,2.6940e+01,0.0678
45.4261,600,8.4832e+08,8.4832e+08,2.6943e+01,0.0680
45.5553,601,8.4609e+08,8.4609e+08,2.6947e+01,0.0689
45.6333,602,8.4386e+08,8.4386e+08,2.6949e+01,0.0709
45.7085,603,8.4164e+08,8.4164e+08,2.6952e+01,0.0681
45.7828,604,8.3944e+08,8.3944e+08,2.6954e+01,0.0678
45.8570,605,8.3725e+08,8.3725e+08,2.6956e+01,0.0678
45.9316,606,8.3507e+08,8.3507e+08,2.6959e+01,0.0680
46.0060,607,8.3291e+08,8.3291e+08,2.6961e+01,0.0680
46.0802,608,8.3074e+08,8.3074e+08,2.6964e+01,0.0677
46.1544,609,8.2859e+08,8.2859e+08,2.6968e+01,0.0678
46.2296,610,8.2644e+08,8.2644e+08,2.6972e+01,0.0681
46.3043,611,8.2431e+08,8.2431e+08,2.6975e+01,0.0682
46.3789,612,8.2219e+08,8.2219e+08,2.6978e+01,0.0681
46.4532,613,8.2008e+08,8.2008e+08,2.6980e+01,0.0678
46.5277,614,8.1797e+08,8.1797e+08,2.6981e+01,0.0679
46.6044,615,8.1588e+08,8.1588e+08,2.6983e+01,0.0702
46.6818,616,8.1379e+08,8.1379e+08,2.6983e+01,0.0707
46.7567,617,8.1173e+08,8.1173e+08,2.6985e+01,0.0682
46.8308,618,8.0968e+08,8.0968e+08,2.6987e+01,0.0676
46.9055,619,8.0764e+08,8.0764e+08,2.6989e+01,0.0681
46.9796,620,8.0560e+08,8.0560e+08,2.6993e+01,0.0677
47.0541,621,8.0357e+08,8.0357e+08,2.6997e+01,0.0680
47.1290,622,8.0156e+08,8.0156e+08,2.7000e+01,0.0683
47.2034,623,7.9957e+08,7.9957e+08,2.7004e+01,0.0678
47.2775,624,7.9758e+08,7.9758e+08,2.7007e+01,0.0677
47.3518,625,7.9559e+08,7.9559e+08,2.7009e+01,0.0677
47.4268,626,7.9361e+08,7.9361e+08,2.7010e+01,0.0683
47.5015,627,7.9165e+08,7.9165e+08,2.7011e+01,0.0683
47.5761,628,7.8970e+08,7.8970e+08,2.7012e+01,0.0680
47.6547,629,7.8777e+08,7.8777e+08,2.7012e+01,0.0721
47.7329,630,7.8584e+08,7.8584e+08,2.7014e+01,0.0681
47.8083,631,7.8393e+08,7.8393e+08,2.7016e+01,0.0688
47.8830,632,7.8203e+08,7.8203e+08,2.7018e+01,0.0681
47.9572,633,7.8015e+08,7.8015e+08,2.7020e+01,0.0677
48.0317,634,7.7828e+08,7.7828e+08,2.7023e+01,0.0680
48.1060,635,7.7642e+08,7.7642e+08,2.7025e+01,0.0679
48.1806,636,7.7457e+08,7.7457e+08,2.7027e+01,0.0681
48.2551,637,7.7273e+08,7.7273e+08,2.7029e+01,0.0679
48.3295,638,7.7090e+08,7.7090e+08,2.7031e+01,0.0679
48.4040,639,7.6909e+08,7.6909e+08,2.7032e+01,0.0679
48.4782,640,7.6727e+08,7.6727e+08,2.7034e+01,0.0678
48.5527,641,7.6546e+08,7.6546e+08,2.7036e+01,0.0680
48.6274,642,7.6366e+08,7.6366e+08,2.7038e+01,0.0680
48.7041,643,7.6186e+08,7.6186e+08,2.7041e+01,0.0702
48.7788,644,7.6008e+08,7.6008e+08,2.7043e+01,0.0681
48.8533,645,7.5832e+08,7.5832e+08,2.7046e+01,0.0680
48.9280,646,7.5656e+08,7.5656e+08,2.7048e+01,0.0681
49.0027,647,7.5480e+08,7.5480e+08,2.7049e+01,0.0681
49.0771,648,7.5304e+08,7.5304e+08,2.7051e+01,0.0678
49.1514,649,7.5129e+08,7.5129e+08,2.7052e+01,0.0678
49.2259,650,7.4955e+08,7.4955e+08,2.7054e+01,0.0678
49.3007,651,7.4782e+08,7.4782e+08,2.7055e+01,0.0683
49.3753,652,7.4609e+08,7.4609e+08,2.7057e+01,0.0681
49.4500,653,7.4437e+08,7.4437e+08,2.7058e+01,0.0681
49.5245,654,7.4266e+08,7.4266e+08,2.7060e+01,0.0680
49.5990,655,7.4096e+08,7.4096e+08,2.7062e+01,0.0680
49.6745,656,7.3926e+08,7.3926e+08,2.7065e+01,0.0685
49.7572,657,7.3758e+08,7.3758e+08,2.7067e+01,0.0709
49.8322,658,7.3590e+08,7.3590e+08,2.7070e+01,0.0684
49.9064,659,7.3424e+08,7.3424e+08,2.7072e+01,0.0678
49.9808,660,7.3259e+08,7.3259e+08,2.7075e+01,0.0679
50.0552,661,7.3095e+08,7.3095e+08,2.7078e+01,0.0679
50.1299,662,7.2932e+08,7.2932e+08,2.7081e+01,0.0681
50.2051,663,7.2769e+08,7.2769e+08,2.7084e+01,0.0681
50.2794,664,7.2607e+08,7.2607e+08,2.7088e+01,0.0678
50.3537,665,7.2445e+08,7.2445e+08,2.7091e+01,0.0678
50.4287,666,7.2285e+08,7.2285e+08,2.7093e+01,0.0685
50.5035,667,7.2125e+08,7.2125e+08,2.7096e+01,0.0682
50.5776,668,7.1965e+08,7.1965e+08,2.7098e+01,0.0678
50.6523,669,7.1806e+08,7.1806e+08,2.7100e+01,0.0681
50.7270,670,7.1647e+08,7.1647e+08,2.7101e+01,0.0682
50.8017,671,7.1489e+08,7.1489e+08,2.7104e+01,0.0681
50.8761,672,7.1331e+08,7.1331e+08,2.7106e+01,0.0679
50.9504,673,7.1174e+08,7.1174e+08,2.7109e+01,0.0678
51.0245,674,7.1018e+08,7.1018e+08,2.7112e+01,0.0677
51.0986,675,7.0863e+08,7.0863e+08,2.7115e+01,0.0677
51.1731,676,7.0709e+08,7.0709e+08,2.7118e+01,0.0680
51.2473,677,7.0556e+08,7.0556e+08,2.7120e+01,0.0679
51.3219,678,7.0402e+08,7.0402e+08,2.7122e+01,0.0679
51.3962,679,7.0249e+08,7.0249e+08,2.7124e+01,0.0677
51.4703,680,7.0097e+08,7.0097e+08,2.7125e+01,0.0675
51.5447,681,6.9947e+08,6.9947e+08,2.7127e+01,0.0679
51.6197,682,6.9798e+08,6.9798e+08,2.7129e+01,0.0682
51.6944,683,6.9650e+08,6.9650e+08,2.7131e+01,0.0680
51.7736,684,6.9503e+08,6.9503e+08,2.7134e+01,0.0686
51.8480,685,6.9356e+08,6.9356e+08,2.7137e+01,0.0678
51.9226,686,6.9211e+08,6.9211e+08,2.7140e+01,0.0682
51.9971,687,6.9066e+08,6.9066e+08,2.7143e+01,0.0680
52.0715,688,6.8922e+08,6.8922e+08,2.7146e+01,0.0678
52.1458,689,6.8777e+08,6.8777e+08,2.7148e+01,0.0679
52.2201,690,6.8633e+08,6.8633e+08,2.7149e+01,0.0678
52.2947,691,6.8490e+08,6.8490e+08,2.7150e+01,0.0680
52.3693,692,6.8347e+08,6.8347e+08,2.7151e+01,0.0682
52.4438,693,6.8205e+08,6.8205e+08,2.7152e+01,0.0679
52.5184,694,6.8064e+08,6.8064e+08,2.7153e+01,0.0681
52.5929,695,6.7923e+08,6.7923e+08,2.7155e+01,0.0678
52.6683,696,6.7783e+08,6.7783e+08,2.7157e+01,0.0689
52.7432,697,6.7643e+08,6.7643e+08,2.7159e+01,0.0683
52.8178,698,6.7503e+08,6.7503e+08,2.7161e+01,0.0680
52.8924,699,6.7364e+08,6.7364e+08,2.7162e+01,0.0680
52.9671,700,6.7226e+08,6.7226e+08,2.7163e+01,0.0682
53.0944,701,6.7089e+08,6.7089e+08,2.7164e+01,0.0683
53.1693,702,6.6952e+08,6.6952e+08,2.7164e+01,0.0685
53.2437,703,6.6816e+08,6.6816e+08,2.7165e+01,0.0679
53.3181,704,6.6680e+08,6.6680e+08,2.7166e+01,0.0679
53.3926,705,6.6544e+08,6.6544e+08,2.7167e+01,0.0679
53.4675,706,6.6409e+08,6.6409e+08,2.7168e+01,0.0684
53.5420,707,6.6274e+08,6.6274e+08,2.7170e+01,0.0680
53.6164,708,6.6140e+08,6.6140e+08,2.7172e+01,0.0678
53.6910,709,6.6006e+08,6.6006e+08,2.7173e+01,0.0679
53.7657,710,6.5874e+08,6.5874e+08,2.7175e+01,0.0681
53.8404,711,6.5743e+08,6.5743e+08,2.7176e+01,0.0681
53.9149,712,6.5612e+08,6.5612e+08,2.7177e+01,0.0680
53.9893,713,6.5482e+08,6.5482e+08,2.7178e+01,0.0678
54.0637,714,6.5352e+08,6.5352e+08,2.7179e+01,0.0679
54.1381,715,6.5223e+08,6.5223e+08,2.7181e+01,0.0680
54.2159,716,6.5093e+08,6.5093e+08,2.7182e+01,0.0712
54.2911,717,6.4964e+08,6.4964e+08,2.7183e+01,0.0684
54.3664,718,6.4835e+08,6.4835e+08,2.7184e+01,0.0687
54.4424,719,6.4709e+08,6.4709e+08,2.7185e+01,0.0688
54.5176,720,6.4583e+08,6.4583e+08,2.7186e+01,0.0686
54.5924,721,6.4458e+08,6.4458e+08,2.7187e+01,0.0681
54.6672,722,6.4333e+08,6.4333e+08,2.7188e+01,0.0683
54.7443,723,6.4209e+08,6.4209e+08,2.7190e+01,0.0698
54.8219,724,6.4085e+08,6.4085e+08,2.7191e+01,0.0680
54.8965,725,6.3962e+08,6.3962e+08,2.7192e+01,0.0680
54.9711,726,6.3839e+08,6.3839e+08,2.7194e+01,0.0681
55.0459,727,6.3717e+08,6.3717e+08,2.7195e+01,0.0682
55.1205,728,6.3595e+08,6.3595e+08,2.7196e+01,0.0680
55.1952,729,6.3474e+08,6.3474e+08,2.7198e+01,0.0681
55.2697,730,6.3353e+08,6.3353e+08,2.7199e+01,0.0679
55.3445,731,6.3233e+08,6.3233e+08,2.7200e+01,0.0682
55.4194,732,6.3113e+08,6.3113e+08,2.7200e+01,0.0683
55.4941,733,6.2993e+08,6.2993e+08,2.7201e+01,0.0681
55.5685,734,6.2874e+08,6.2874e+08,2.7202e+01,0.0679
55.6431,735,6.2756e+08,6.2756e+08,2.7204e+01,0.0678
55.7184,736,6.2638e+08,6.2638e+08,2.7205e+01,0.0689
55.7932,737,6.2521e+08,6.2521e+08,2.7207e+01,0.0681
55.8679,738,6.2405e+08,6.2405e+08,2.7208e+01,0.0681
55.9423,739,6.2289e+08,6.2289e+08,2.7210e+01,0.0679
56.0166,740,6.2173e+08,6.2173e+08,2.7211e+01,0.0678
56.0911,741,6.2057e+08,6.2057e+08,2.7212e+01,0.0680
56.1661,742,6.1943e+08,6.1943e+08,2.7213e+01,0.0685
56.2407,743,6.1828e+08,6.1828e+08,2.7214e+01,0.0679
56.3148,744,6.1714e+08,6.1714e+08,2.7215e+01,0.0676
56.3888,745,6.1601e+08,6.1601e+08,2.7216e+01,0.0676
56.4632,746,6.1488e+08,6.1488e+08,2.7218e+01,0.0679
56.5376,747,6.1376e+08,6.1376e+08,2.7220e+01,0.0680
56.6119,748,6.1265e+08,6.1265e+08,2.7223e+01,0.0677
56.6861,749,6.1154e+08,6.1154e+08,2.7225e+01,0.0677
56.7604,750,6.1044e+08,6.1044e+08,2.7227e+01,0.0677
56.8377,751,6.0934e+08,6.0934e+08,2.7229e+01,0.0688
56.9147,752,6.0824e+08,6.0824e+08,2.7231e+01,0.0694
56.9898,753,6.0714e+08,6.0714e+08,2.7232e+01,0.0680
57.0642,754,6.0605e+08,6.0605e+08,2.7234e+01,0.0677
57.1384,755,6.0497e+08,6.0497e+08,2.7236e+01,0.0677
57.2127,756,6.0389e+08,6.0389e+08,2.7238e+01,0.0678
57.2870,757,6.0281e+08,6.0281e+08,2.7240e+01,0.0679
57.3610,758,6.0174e+08,6.0174e+08,2.7243e+01,0.0675
57.4353,759,6.0067e+08,6.0067e+08,2.7246e+01,0.0678
57.5098,760,5.9961e+08,5.9961e+08,2.7249e+01,0.0678
57.5844,761,5.9856e+08,5.9856e+08,2.7252e+01,0.0681
57.6593,762,5.9750e+08,5.9750e+08,2.7255e+01,0.0683
57.7337,763,5.9645e+08,5.9645e+08,2.7258e+01,0.0679
57.8097,764,5.9541e+08,5.9541e+08,2.7261e+01,0.0694
57.8848,765,5.9436e+08,5.9436e+08,2.7264e+01,0.0680
57.9594,766,5.9333e+08,5.9333e+08,2.7267e+01,0.0681
58.0343,767,5.9230e+08,5.9230e+08,2.7270e+01,0.0683
58.1084,768,5.9127e+08,5.9127e+08,2.7274e+01,0.0677
58.1825,769,5.9025e+08,5.9025e+08,2.7278e+01,0.0678
58.2566,770,5.8924e+08,5.8924e+08,2.7283e+01,0.0677
58.3309,771,5.8822e+08,5.8822e+08,2.7287e+01,0.0678
58.4053,772,5.8721e+08,5.8721e+08,2.7291e+01,0.0679
58.4794,773,5.8620e+08,5.8620e+08,2.7294e+01,0.0677
58.5535,774,5.8520e+08,5.8520e+08,2.7298e+01,0.0677
58.6282,775,5.8420e+08,5.8420e+08,2.7301e+01,0.0681
58.7031,776,5.8320e+08,5.8320e+08,2.7304e+01,0.0683
58.7781,777,5.8220e+08,5.8220e+08,2.7306e+01,0.0685
58.8528,778,5.8121e+08,5.8121e+08,2.7308e+01,0.0680
58.9272,779,5.8023e+08,5.8023e+08,2.7311e+01,0.0678
59.0020,780,5.7925e+08,5.7925e+08,2.7313e+01,0.0682
59.0765,781,5.7828e+08,5.7828e+08,2.7315e+01,0.0682
59.1520,782,5.7730e+08,5.7730e+08,2.7316e+01,0.0690
59.2267,783,5.7633e+08,5.7633e+08,2.7318e+01,0.0680
59.3013,784,5.7537e+08,5.7537e+08,2.7319e+01,0.0681
59.3757,785,5.7440e+08,5.7440e+08,2.7321e+01,0.0679
59.4503,786,5.7344e+08,5.7344e+08,2.7322e+01,0.0681
59.5251,787,5.7247e+08,5.7247e+08,2.7324e+01,0.0682
59.5996,788,5.7152e+08,5.7152e+08,2.7325e+01,0.0680
59.6747,789,5.7056e+08,5.7056e+08,2.7327e+01,0.0680
59.7497,790,5.6961e+08,5.6961e+08,2.7329e+01,0.0678
59.8248,791,5.6866e+08,5.6866e+08,2.7331e+01,0.0685
59.9020,792,5.6772e+08,5.6772e+08,2.7333e+01,0.0697
59.9786,793,5.6677e+08,5.6677e+08,2.7335e+01,0.0692
60.0547,794,5.6583e+08,5.6583e+08,2.7337e+01,0.0688
60.1305,795,5.6490e+08,5.6490e+08,2.7340e+01,0.0685
60.2065,796,5.6397e+08,5.6397e+08,2.7342e+01,0.0690
60.2827,797,5.6304e+08,5.6304e+08,2.7345e+01,0.0686
60.3580,798,5.6211e+08,5.6211e+08,2.7347e+01,0.0685
60.4327,799,5.6119e+08,5.6119e+08,2.7350e+01,0.0682
60.5079,800,5.6027e+08,5.6027e+08,2.7352e+01,0.0682
60.6360,801,5.5935e+08,5.5935e+08,2.7354e+01,0.0691
60.7109,802,5.5843e+08,5.5843e+08,2.7356e+01,0.0684
60.7855,803,5.5752e+08,5.5752e+08,2.7358e+01,0.0681
60.8639,804,5.5661e+08,5.5661e+08,2.7360e+01,0.0718
60.9393,805,5.5570e+08,5.5570e+08,2.7362e+01,0.0688
61.0140,806,5.5480e+08,5.5480e+08,2.7365e+01,0.0682
61.0892,807,5.5390e+08,5.5390e+08,2.7367e+01,0.0687
61.1637,808,5.5301e+08,5.5301e+08,2.7369e+01,0.0678
61.2379,809,5.5212e+08,5.5212e+08,2.7372e+01,0.0678
61.3123,810,5.5123e+08,5.5123e+08,2.7374e+01,0.0679
61.3869,811,5.5035e+08,5.5035e+08,2.7376e+01,0.0682
61.4615,812,5.4948e+08,5.4948e+08,2.7378e+01,0.0681
61.5360,813,5.4861e+08,5.4861e+08,2.7380e+01,0.0680
61.6107,814,5.4775e+08,5.4775e+08,2.7382e+01,0.0681
61.6853,815,5.4688e+08,5.4688e+08,2.7384e+01,0.0680
61.7600,816,5.4602e+08,5.4602e+08,2.7386e+01,0.0681
61.8350,817,5.4516e+08,5.4516e+08,2.7389e+01,0.0685
61.9120,818,5.4430e+08,5.4430e+08,2.7392e+01,0.0682
61.9863,819,5.4344e+08,5.4344e+08,2.7395e+01,0.0678
62.0606,820,5.4257e+08,5.4257e+08,2.7398e+01,0.0678
62.1354,821,5.4172e+08,5.4172e+08,2.7401e+01,0.0683
62.2100,822,5.4086e+08,5.4086e+08,2.7405e+01,0.0681
62.2843,823,5.4000e+08,5.4000e+08,2.7408e+01,0.0678
62.3589,824,5.3915e+08,5.3915e+08,2.7411e+01,0.0681
62.4334,825,5.3830e+08,5.3830e+08,2.7413e+01,0.0680
62.5107,826,5.3745e+08,5.3745e+08,2.7416e+01,0.0681
62.5851,827,5.3660e+08,5.3660e+08,2.7419e+01,0.0680
62.6597,828,5.3576e+08,5.3576e+08,2.7422e+01,0.0680
62.7356,829,5.3492e+08,5.3492e+08,2.7425e+01,0.0693
62.8107,830,5.3409e+08,5.3409e+08,2.7428e+01,0.0685
62.8853,831,5.3325e+08,5.3325e+08,2.7431e+01,0.0681
62.9599,832,5.3242e+08,5.3242e+08,2.7434e+01,0.0680
63.0345,833,5.3159e+08,5.3159e+08,2.7437e+01,0.0681
63.1089,834,5.3076e+08,5.3076e+08,2.7440e+01,0.0679
63.1832,835,5.2993e+08,5.2993e+08,2.7442e+01,0.0679
63.2579,836,5.2911e+08,5.2911e+08,2.7445e+01,0.0682
63.3325,837,5.2829e+08,5.2829e+08,2.7448e+01,0.0682
63.4069,838,5.2747e+08,5.2747e+08,2.7450e+01,0.0679
63.4815,839,5.2666e+08,5.2666e+08,2.7453e+01,0.0680
63.5557,840,5.2585e+08,5.2585e+08,2.7456e+01,0.0677
63.6306,841,5.2505e+08,5.2505e+08,2.7458e+01,0.0684
63.7054,842,5.2424e+08,5.2424e+08,2.7461e+01,0.0682
63.7796,843,5.2345e+08,5.2345e+08,2.7464e+01,0.0677
63.8540,844,5.2265e+08,5.2265e+08,2.7467e+01,0.0679
63.9316,845,5.2186e+08,5.2186e+08,2.7470e+01,0.0682
64.0062,846,5.2108e+08,5.2108e+08,2.7473e+01,0.0681
64.0808,847,5.2030e+08,5.2030e+08,2.7476e+01,0.0681
64.1553,848,5.1952e+08,5.1952e+08,2.7479e+01,0.0680
64.2297,849,5.1875e+08,5.1875e+08,2.7481e+01,0.0677
64.3102,850,5.1798e+08,5.1798e+08,2.7483e+01,0.0678
64.3849,851,5.1721e+08,5.1721e+08,2.7486e+01,0.0682
64.4595,852,5.1644e+08,5.1644e+08,2.7488e+01,0.0681
64.5340,853,5.1568e+08,5.1568e+08,2.7490e+01,0.0679
64.6084,854,5.1492e+08,5.1492e+08,2.7492e+01,0.0679
64.6833,855,5.1416e+08,5.1416e+08,2.7495e+01,0.0681
64.7588,856,5.1340e+08,5.1340e+08,2.7498e+01,0.0683
64.8335,857,5.1265e+08,5.1265e+08,2.7501e+01,0.0682
64.9077,858,5.1190e+08,5.1190e+08,2.7504e+01,0.0677
64.9820,859,5.1114e+08,5.1114e+08,2.7507e+01,0.0678
65.0562,860,5.1039e+08,5.1039e+08,2.7509e+01,0.0677
65.1307,861,5.0964e+08,5.0964e+08,2.7512e+01,0.0679
65.2053,862,5.0889e+08,5.0889e+08,2.7515e+01,0.0681
65.2798,863,5.0814e+08,5.0814e+08,2.7517e+01,0.0678
65.3543,864,5.0740e+08,5.0740e+08,2.7520e+01,0.0679
65.4287,865,5.0666e+08,5.0666e+08,2.7523e+01,0.0678
65.5033,866,5.0593e+08,5.0593e+08,2.7526e+01,0.0681
65.5778,867,5.0519e+08,5.0519e+08,2.7530e+01,0.0680
65.6526,868,5.0446e+08,5.0446e+08,2.7533e+01,0.0682
65.7270,869,5.0373e+08,5.0373e+08,2.7536e+01,0.0678
65.8015,870,5.0300e+08,5.0300e+08,2.7540e+01,0.0679
65.8760,871,5.0228e+08,5.0228e+08,2.7543e+01,0.0679
65.9509,872,5.0156e+08,5.0156e+08,2.7545e+01,0.0682
66.0255,873,5.0083e+08,5.0083e+08,2.7548e+01,0.0681
66.1000,874,5.0011e+08,5.0011e+08,2.7551e+01,0.0681
66.1745,875,4.9939e+08,4.9939e+08,2.7554e+01,0.0679
66.2490,876,4.9867e+08,4.9867e+08,2.7557e+01,0.0680
66.3236,877,4.9796e+08,4.9796e+08,2.7560e+01,0.0681
66.3979,878,4.9725e+08,4.9725e+08,2.7563e+01,0.0679
66.4724,879,4.9654e+08,4.9654e+08,2.7566e+01,0.0679
66.5476,880,4.9583e+08,4.9583e+08,2.7569e+01,0.0679
66.6224,881,4.9513e+08,4.9513e+08,2.7573e+01,0.0683
66.6969,882,4.9442e+08,4.9442e+08,2.7576e+01,0.0679
66.7717,883,4.9372e+08,4.9372e+08,2.7579e+01,0.0680
66.8461,884,4.9303e+08,4.9303e+08,2.7581e+01,0.0679
66.9205,885,4.9233e+08,4.9233e+08,2.7584e+01,0.0679
66.9951,886,4.9164e+08,4.9164e+08,2.7587e+01,0.0680
67.0698,887,4.9095e+08,4.9095e+08,2.7590e+01,0.0683
67.1439,888,4.9027e+08,4.9027e+08,2.7593e+01,0.0676
67.2181,889,4.8959e+08,4.8959e+08,2.7596e+01,0.0678
67.2926,890,4.8891e+08,4.8891e+08,2.7598e+01,0.0680
67.3673,891,4.8823e+08,4.8823e+08,2.7600e+01,0.0683
67.4419,892,4.8755e+08,4.8755e+08,2.7602e+01,0.0680
67.5166,893,4.8688e+08,4.8688e+08,2.7604e+01,0.0680
67.5910,894,4.8620e+08,4.8620e+08,2.7606e+01,0.0679
67.6656,895,4.8553e+08,4.8553e+08,2.7608e+01,0.0681
67.7412,896,4.8486e+08,4.8486e+08,2.7610e+01,0.0688
67.8163,897,4.8420e+08,4.8420e+08,2.7613e+01,0.0686
67.8907,898,4.8353e+08,4.8353e+08,2.7615e+01,0.0679
67.9661,899,4.8286e+08,4.8286e+08,2.7618e+01,0.0683
68.0404,900,4.8220e+08,4.8220e+08,2.7621e+01,0.0678
68.1669,901,4.8154e+08,4.8154e+08,2.7624e+01,0.0698
68.2417,902,4.8088e+08,4.8088e+08,2.7627e+01,0.0682
68.3162,903,4.8023e+08,4.8023e+08,2.7629e+01,0.0679
68.3942,904,4.7958e+08,4.7958e+08,2.7631e+01,0.0680
68.4757,905,4.7893e+08,4.7893e+08,2.7633e+01,0.0747
68.5505,906,4.7829e+08,4.7829e+08,2.7634e+01,0.0682
68.6257,907,4.7764e+08,4.7764e+08,2.7636e+01,0.0685
68.7006,908,4.7701e+08,4.7701e+08,2.7638e+01,0.0682
68.7749,909,4.7637e+08,4.7637e+08,2.7639e+01,0.0680
68.8497,910,4.7573e+08,4.7573e+08,2.7641e+01,0.0683
68.9252,911,4.7509e+08,4.7509e+08,2.7644e+01,0.0690
69.0008,912,4.7445e+08,4.7445e+08,2.7646e+01,0.0684
69.0752,913,4.7382e+08,4.7382e+08,2.7648e+01,0.0678
69.1496,914,4.7319e+08,4.7319e+08,2.7651e+01,0.0679
69.2244,915,4.7255e+08,4.7255e+08,2.7653e+01,0.0683
69.2994,916,4.7192e+08,4.7192e+08,2.7655e+01,0.0685
69.3741,917,4.7130e+08,4.7130e+08,2.7657e+01,0.0683
69.4486,918,4.7067e+08,4.7067e+08,2.7659e+01,0.0680
69.5228,919,4.7004e+08,4.7004e+08,2.7661e+01,0.0678
69.5973,920,4.6942e+08,4.6942e+08,2.7663e+01,0.0679
69.6722,921,4.6880e+08,4.6880e+08,2.7665e+01,0.0682
69.7469,922,4.6818e+08,4.6818e+08,2.7667e+01,0.0682
69.8212,923,4.6757e+08,4.6757e+08,2.7669e+01,0.0678
69.8956,924,4.6695e+08,4.6695e+08,2.7671e+01,0.0678
69.9707,925,4.6634e+08,4.6634e+08,2.7674e+01,0.0686
70.0456,926,4.6573e+08,4.6573e+08,2.7676e+01,0.0683
70.1201,927,4.6513e+08,4.6513e+08,2.7678e+01,0.0679
70.1944,928,4.6452e+08,4.6452e+08,2.7680e+01,0.0677
70.2691,929,4.6391e+08,4.6391e+08,2.7682e+01,0.0681
70.3434,930,4.6331e+08,4.6331e+08,2.7684e+01,0.0679
70.4180,931,4.6270e+08,4.6270e+08,2.7686e+01,0.0681
70.4926,932,4.6210e+08,4.6210e+08,2.7688e+01,0.0681
70.5672,933,4.6150e+08,4.6150e+08,2.7690e+01,0.0681
70.6417,934,4.6091e+08,4.6091e+08,2.7692e+01,0.0679
70.7159,935,4.6031e+08,4.6031e+08,2.7694e+01,0.0677
70.7904,936,4.5972e+08,4.5972e+08,2.7696e+01,0.0680
70.8651,937,4.5913e+08,4.5913e+08,2.7699e+01,0.0682
70.9397,938,4.5854e+08,4.5854e+08,2.7701e+01,0.0680
71.0189,939,4.5795e+08,4.5795e+08,2.7704e+01,0.0678
71.0933,940,4.5736e+08,4.5736e+08,2.7707e+01,0.0678
71.1681,941,4.5678e+08,4.5678e+08,2.7710e+01,0.0683
71.2425,942,4.5619e+08,4.5619e+08,2.7712e+01,0.0680
71.3166,943,4.5561e+08,4.5561e+08,2.7715e+01,0.0677
71.3911,944,4.5503e+08,4.5503e+08,2.7718e+01,0.0679
71.4657,945,4.5445e+08,4.5445e+08,2.7720e+01,0.0682
71.5404,946,4.5388e+08,4.5388e+08,2.7723e+01,0.0681
71.6154,947,4.5330e+08,4.5330e+08,2.7726e+01,0.0685
71.6897,948,4.5274e+08,4.5274e+08,2.7729e+01,0.0679
71.7650,949,4.5217e+08,4.5217e+08,2.7732e+01,0.0682
71.8396,950,4.5161e+08,4.5161e+08,2.7735e+01,0.0680
71.9143,951,4.5104e+08,4.5104e+08,2.7738e+01,0.0682
71.9890,952,4.5047e+08,4.5047e+08,2.7741e+01,0.0683
72.0634,953,4.4991e+08,4.4991e+08,2.7745e+01,0.0679
72.1379,954,4.4935e+08,4.4935e+08,2.7748e+01,0.0680
72.2122,955,4.4879e+08,4.4879e+08,2.7751e+01,0.0678
72.2867,956,4.4823e+08,4.4823e+08,2.7754e+01,0.0680
72.3615,957,4.4767e+08,4.4767e+08,2.7757e+01,0.0681
72.4359,958,4.4711e+08,4.4711e+08,2.7760e+01,0.0678
72.5102,959,4.4656e+08,4.4656e+08,2.7763e+01,0.0678
72.5846,960,4.4601e+08,4.4601e+08,2.7766e+01,0.0679
72.6593,961,4.4546e+08,4.4546e+08,2.7769e+01,0.0683
72.7354,962,4.4490e+08,4.4490e+08,2.7771e+01,0.0696
72.8114,963,4.4435e+08,4.4435e+08,2.7774e+01,0.0684
72.8858,964,4.4381e+08,4.4381e+08,2.7776e+01,0.0680
72.9604,965,4.4327e+08,4.4327e+08,2.7778e+01,0.0680
73.0362,966,4.4272e+08,4.4272e+08,2.7780e+01,0.0690
73.1110,967,4.4219e+08,4.4219e+08,2.7782e+01,0.0683
73.1854,968,4.4165e+08,4.4165e+08,2.7784e+01,0.0679
73.2597,969,4.4112e+08,4.4112e+08,2.7786e+01,0.0678
73.3346,970,4.4059e+08,4.4059e+08,2.7788e+01,0.0682
73.4090,971,4.4006e+08,4.4006e+08,2.7789e+01,0.0680
73.4835,972,4.3953e+08,4.3953e+08,2.7791e+01,0.0680
73.5580,973,4.3900e+08,4.3900e+08,2.7793e+01,0.0680
73.6331,974,4.3847e+08,4.3847e+08,2.7794e+01,0.0685
73.7078,975,4.3794e+08,4.3794e+08,2.7796e+01,0.0681
73.7823,976,4.3742e+08,4.3742e+08,2.7797e+01,0.0680
73.8569,977,4.3689e+08,4.3689e+08,2.7798e+01,0.0681
73.9314,978,4.3637e+08,4.3637e+08,2.7800e+01,0.0679
74.0058,979,4.3584e+08,4.3584e+08,2.7801e+01,0.0679
74.0801,980,4.3532e+08,4.3532e+08,2.7802e+01,0.0678
74.1546,981,4.3480e+08,4.3480e+08,2.7804e+01,0.0681
74.2294,982,4.3429e+08,4.3429e+08,2.7805e+01,0.0682
74.3039,983,4.3377e+08,4.3377e+08,2.7806e+01,0.0679
74.3785,984,4.3325e+08,4.3325e+08,2.7808e+01,0.0681
74.4529,985,4.3274e+08,4.3274e+08,2.7809e+01,0.0677
74.5275,986,4.3223e+08,4.3223e+08,2.7810e+01,0.0681
74.6021,987,4.3172e+08,4.3172e+08,2.7811e+01,0.0682
74.6767,988,4.3121e+08,4.3121e+08,2.7812e+01,0.0678
74.7512,989,4.3070e+08,4.3070e+08,2.7814e+01,0.0679
74.8258,990,4.3019e+08,4.3019e+08,2.7815e+01,0.0680
74.9006,991,4.2968e+08,4.2968e+08,2.7817e+01,0.0682
74.9751,992,4.2917e+08,4.2917e+08,2.7818e+01,0.0680
75.0501,993,4.2867e+08,4.2867e+08,2.7820e+01,0.0685
75.1245,994,4.2816e+08,4.2816e+08,2.7822e+01,0.0679
75.1989,995,4.2766e+08,4.2766e+08,2.7823e+01,0.0679
75.2736,996,4.2716e+08,4.2716e+08,2.7825e+01,0.0682
75.3482,997,4.2666e+08,4.2666e+08,2.7827e+01,0.0680
75.4230,998,4.2617e+08,4.2617e+08,2.7829e+01,0.0678
75.4975,999,4.2567e+08,4.2567e+08,2.7831e+01,0.0680
